216,211,214,213,210,209,213,214
215,210,213,213,209,209,213,214
215,210,214,213,209,209,213,214
215,210,214,213,209,209,213,214
215,210,213,213,209,209,213,214
215,210,213,213,209,209,213,214
215,210,214,213,209,209,213,214
215,210,213,213,209,209,213,214
215,210,214,213,209,209,213,214
215,210,214,213,209,209,213,214
216,210,213,213,209,209,213,214
215,210,214,213,209,209,213,214
215,210,214,213,209,209,213,214
215,210,214,213,209,209,213,214
215,210,214,213,209,209,213,214
215,210,214,213,209,209,213,214
215,210,214,213,209,209,213,214
215,210,213,213,209,209,213,214
215,210,213,213,209,209,213,214
215,210,213,213,210,209,213,214
215,210,214,213,209,209,213,214
215,210,214,213,210,209,213,214
215,210,213,213,210,209,213,214
215,210,213,213,209,209,213,214
215,210,214,213,210,209,213,214
215,210,214,213,209,209,213,214
215,210,213,213,209,209,213,213
215,210,213,213,209,209,213,214
215,210,214,213,209,209,213,214
215,210,213,213,209,209,213,214
215,210,213,213,209,209,213,214
215,210,214,213,209,209,213,214
215,210,214,213,209,209,213,214
215,210,213,213,209,209,213,214
215,210,213,213,209,209,213,214
215,210,213,213,209,209,213,214
215,210,213,213,209,209,213,214
215,210,213,213,210,209,213,214
215,210,214,213,209,209,213,214
215,210,214,213,209,209,213,214
215,210,213,213,209,209,213,214
215,210,214,213,209,209,213,214
215,210,213,213,209,209,213,214
215,210,213,213,209,209,213,214
215,210,213,213,209,209,213,214
215,210,213,213,210,209,213,214
215,210,213,213,209,209,213,214
215,210,213,213,209,209,213,214
215,210,213,213,209,209,213,214
215,210,213,213,209,209,213,213
215,210,213,213,209,209,213,214
215,210,214,213,209,209,213,214
215,210,213,213,209,209,213,214
215,210,213,213,209,209,213,214
215,210,213,213,209,209,213,214
215,210,213,213,209,209,213,214
215,210,213,213,209,209,213,214
215,210,213,213,209,209,213,214
215,210,213,213,209,209,213,214
215,210,213,213,209,209,213,214
215,210,213,213,209,209,213,214
215,210,213,213,209,209,213,214
215,210,213,213,209,209,213,214
215,210,214,213,209,209,213,214
215,210,213,213,209,209,213,214
215,210,214,213,209,209,213,214
215,210,214,213,209,209,213,214
215,210,213,213,209,209,213,214
215,210,213,213,209,209,213,214
215,210,214,213,209,209,213,214
215,210,213,213,209,209,213,214
215,210,213,213,210,209,213,214
215,210,214,213,209,209,213,213
215,210,213,213,209,209,213,214
215,210,213,213,209,209,213,214
215,210,214,213,209,209,213,214
215,210,213,213,209,209,213,214
215,210,214,213,209,209,213,214
215,210,213,213,210,209,213,214
215,210,214,213,209,209,213,214
215,210,213,213,209,209,213,214
215,210,214,213,209,209,213,214
215,210,213,213,209,209,213,214
215,210,214,213,210,209,213,214
215,210,213,213,209,209,213,214
215,210,214,213,209,209,213,214
215,210,214,213,210,209,213,214
215,210,214,213,210,209,213,214
215,210,214,213,210,210,213,214
215,210,214,213,210,209,213,214
215,210,214,213,210,209,213,214
216,210,214,213,210,209,213,214
215,210,214,213,210,210,213,214
215,210,214,213,210,209,213,214
215,210,214,213,210,209,214,214
215,210,214,213,210,209,213,215
215,210,214,213,210,209,213,214
215,210,214,213,210,210,213,214
215,210,214,213,210,209,213,214
215,210,214,213,210,209,213,214
216,210,214,213,210,209,213,214
215,210,214,213,210,210,213,214
215,210,214,213,210,209,214,215
215,211,214,213,210,209,213,215
215,211,214,213,210,210,213,215
216,210,214,213,210,210,213,214
215,210,214,213,210,209,213,215
215,211,214,214,210,209,214,215
215,210,214,213,210,209,214,215
215,210,214,214,210,210,214,215
215,211,214,213,210,210,214,215
215,211,215,213,210,210,213,214
215,211,214,213,210,210,214,215
215,211,214,214,210,210,214,215
216,210,214,214,210,210,214,215
215,211,215,214,210,210,214,215
215,211,215,214,210,210,214,215
216,211,215,213,211,210,214,215
215,211,215,213,210,210,214,215
216,211,215,214,210,210,214,215
216,211,214,214,211,210,214,215
216,211,215,214,211,210,214,215
216,211,215,214,210,210,214,215
216,211,215,214,211,210,214,215
216,211,215,214,210,210,214,215
216,211,215,214,211,210,214,215
216,211,215,214,211,210,214,215
216,211,215,214,211,210,214,215
216,211,215,214,211,210,214,215
216,211,215,214,211,210,214,216
216,211,215,214,211,210,214,215
216,211,215,214,211,210,214,215
216,211,215,214,211,211,214,215
216,211,215,214,211,211,214,216
216,211,216,214,211,211,214,216
217,211,215,214,211,211,214,215
216,212,215,214,211,210,214,216
217,212,215,215,212,211,214,216
217,212,216,215,211,210,215,216
217,212,216,215,211,211,214,216
216,212,216,214,211,211,215,216
216,212,216,214,212,211,215,216
217,212,216,214,212,211,215,216
217,212,216,215,212,211,215,216
217,212,216,214,211,211,215,216
217,212,216,215,212,211,215,216
216,212,216,214,212,211,215,216
217,212,216,215,212,211,215,216
216,212,216,215,212,211,215,216
217,212,216,215,212,211,215,216
217,213,216,215,212,211,215,216
217,213,216,215,212,211,215,216
217,212,216,215,212,211,215,217
217,213,216,215,212,211,215,216
217,213,216,215,212,211,215,217
217,212,217,215,212,212,215,216
217,213,217,215,212,211,215,217
217,213,217,215,212,211,215,216
217,213,217,215,212,211,215,217
217,213,217,216,213,211,216,217
218,213,217,216,213,211,215,217
217,213,217,215,213,211,216,217
217,213,217,215,213,211,216,217
218,213,217,216,213,211,216,217
217,214,217,215,213,211,216,217
217,213,217,216,213,211,216,217
218,213,218,216,213,212,216,217
218,214,218,216,213,212,216,217
218,213,217,215,213,212,216,218
218,214,218,216,214,212,216,217
218,214,218,216,214,212,217,217
218,214,218,216,213,212,216,218
218,214,218,216,214,212,217,218
218,214,218,216,214,212,217,218
218,214,218,216,214,213,216,218
218,214,218,216,214,212,216,218
218,215,218,216,214,213,216,218
218,214,219,217,214,212,216,218
218,214,218,216,214,213,217,218
218,215,219,217,214,213,217,218
219,215,218,216,214,213,216,218
218,215,219,217,215,213,217,219
219,215,219,216,215,213,217,219
219,215,219,217,215,213,217,219
219,215,219,217,215,213,217,219
219,215,220,217,215,213,217,219
219,215,220,217,215,213,217,218
219,215,219,217,215,213,217,219
219,216,220,217,216,213,218,219
219,216,220,217,215,213,217,219
219,215,220,217,216,213,218,219
219,216,220,217,216,213,218,220
220,216,220,218,216,213,218,219
220,216,220,218,216,213,217,219
219,216,220,217,216,214,218,219
219,216,221,218,216,213,218,220
220,217,221,218,216,213,218,220
220,217,220,218,216,213,218,220
220,217,221,218,216,214,218,220
220,217,221,218,217,214,218,220
220,217,221,218,216,214,218,220
220,217,221,218,217,214,218,220
220,217,221,218,217,214,218,221
221,218,221,219,217,214,218,221
220,218,221,218,217,214,218,221
220,218,221,219,217,214,219,221
220,218,222,219,217,214,219,221
221,218,222,219,218,214,219,221
221,218,222,219,218,214,219,221
221,218,222,219,218,214,219,221
221,218,222,219,218,215,219,221
221,218,222,219,218,215,219,221
221,218,223,219,218,215,220,221
221,218,222,219,218,215,220,221
222,219,223,219,219,215,220,222
222,219,223,219,219,215,220,222
222,219,223,220,219,215,220,222
222,219,223,220,219,215,220,222
222,219,223,220,219,215,220,222
222,219,223,220,219,215,220,222
222,219,223,220,219,215,220,222
222,219,223,220,220,215,220,222
222,219,224,220,220,215,220,222
222,219,223,221,220,215,221,223
222,220,224,220,220,216,221,223
223,220,224,221,220,216,221,223
223,220,224,221,220,216,221,223
223,220,224,221,221,216,221,223
223,220,224,222,221,216,221,223
223,220,224,221,221,216,221,223
223,221,224,221,221,216,221,223
223,221,224,221,221,216,221,224
224,221,225,222,221,216,221,224
223,221,225,222,221,217,222,223
223,221,225,222,222,217,222,224
223,222,225,222,222,217,222,224
224,222,225,222,222,217,222,224
224,222,226,222,222,217,222,224
224,222,226,222,222,217,222,224
224,222,226,222,223,217,222,224
224,223,226,222,223,217,222,224
224,223,226,223,223,217,223,224
224,222,226,223,223,217,223,225
225,222,227,223,223,218,223,225
225,223,227,223,223,218,223,224
225,223,227,223,223,218,223,225
225,223,227,224,224,218,223,225
225,223,227,223,224,218,223,225
225,223,227,224,224,218,224,225
225,223,227,224,224,218,224,225
225,223,227,224,225,218,224,226
225,223,228,224,224,218,224,226
225,224,228,224,225,219,224,226
226,224,228,224,225,219,224,226
226,224,228,224,225,219,224,226
226,224,228,225,226,219,224,226
226,224,229,225,226,219,224,227
226,225,229,225,226,219,225,227
226,225,229,225,226,219,225,227
227,225,229,225,226,219,225,227
227,225,229,226,226,220,225,227
227,225,229,226,227,220,225,228
227,226,230,226,227,220,225,228
227,225,230,226,227,220,225,228
228,226,230,226,227,220,226,227
228,226,230,226,227,220,226,228
227,226,230,227,227,220,226,228
228,226,231,226,228,221,226,228
228,227,231,226,227,221,226,228
228,227,231,227,228,221,226,229
228,227,231,227,228,221,226,229
228,227,231,227,228,221,226,229
229,227,232,228,228,221,227,229
229,227,232,228,228,221,227,229
228,228,232,228,229,221,227,229
229,228,232,228,229,222,227,230
229,228,232,228,229,222,227,230
229,229,232,228,230,222,227,230
229,229,233,229,230,222,228,230
230,229,233,229,230,223,228,231
230,229,233,229,230,222,228,230
230,229,233,229,230,223,229,230
230,229,233,229,230,223,228,231
230,230,233,229,231,223,229,231
230,230,233,230,231,223,228,231
231,230,234,230,231,223,229,231
231,230,234,230,231,223,229,232
231,230,234,230,231,223,229,232
231,230,234,230,232,224,229,232
231,231,234,231,232,224,230,232
231,231,235,231,232,224,230,232
232,231,235,231,233,224,230,232
232,232,235,231,233,224,230,233
232,231,235,231,233,224,231,233
232,232,235,231,233,224,230,233
232,232,236,232,233,225,231,233
233,232,236,232,234,225,231,233
233,232,236,232,234,225,231,233
233,232,236,232,234,225,231,234
233,233,236,232,235,225,231,234
233,233,237,233,234,225,231,234
233,233,237,233,234,225,232,234
234,234,237,233,235,226,232,235
234,234,237,233,236,226,232,234
234,234,238,233,236,226,233,235
234,234,238,234,236,226,233,235
234,235,238,234,236,226,233,235
234,235,238,234,236,226,233,236
235,235,239,235,236,227,233,235
235,235,239,235,236,227,233,236
235,235,239,234,236,227,234,236
235,235,239,235,237,227,234,236
236,236,240,235,237,227,234,236
236,236,240,235,237,227,234,236
236,236,240,235,238,227,234,237
236,236,240,236,238,228,235,237
236,237,241,236,238,228,235,237
237,237,241,236,238,228,235,237
236,237,241,236,238,228,235,237
237,238,241,237,239,228,236,238
237,238,242,237,239,229,236,238
237,238,242,237,239,228,236,238
238,238,242,237,240,228,236,238
238,239,242,237,240,229,236,239
238,239,242,238,240,229,237,239
238,239,242,238,241,229,236,239
239,239,243,238,241,229,237,240
239,240,243,239,241,229,237,240
239,240,244,239,241,230,237,240
239,240,243,239,242,230,237,240
239,241,243,239,242,230,237,240
239,241,244,239,242,230,238,240
240,241,244,240,242,230,239,241
240,241,245,240,243,230,239,241
240,241,245,240,243,230,239,241
240,242,245,240,243,230,240,241
240,242,246,240,243,231,240,242
241,242,246,240,244,231,240,242
241,242,246,241,244,231,240,242
241,242,246,241,244,232,240,242
241,243,246,241,244,231,241,243
242,243,247,241,245,232,241,243
242,243,247,242,245,232,241,243
242,243,247,242,245,232,241,243
242,244,247,242,245,232,241,244
243,244,248,243,246,232,242,244
243,244,248,243,246,232,242,244
243,244,248,243,246,233,242,245
243,245,248,243,247,233,243,245
244,245,248,244,247,233,243,246
244,245,249,244,247,233,243,245
244,245,249,244,247,233,243,246
244,246,249,244,248,234,243,246
244,246,249,245,248,234,243,246
245,246,249,245,248,234,244,246
245,246,250,245,249,234,244,247
245,247,250,245,249,234,244,247
246,247,250,246,249,234,244,247
246,248,250,246,250,235,245,248
246,247,251,246,250,235,245,248
246,248,251,246,250,235,245,248
246,248,251,247,251,235,246,248
247,248,252,247,251,235,246,249
247,249,252,247,251,235,246,249
247,249,253,247,251,235,246,249
248,250,253,248,252,236,246,249
247,250,253,248,252,236,246,249
248,250,253,248,252,236,247,250
248,250,253,248,252,236,247,250
248,251,253,249,253,236,247,250
249,251,254,249,253,236,247,251
249,251,254,249,253,236,247,251
249,251,254,250,254,237,247,251
249,251,254,250,254,237,248,251
250,252,255,250,255,237,248,251
250,252,255,250,255,237,248,252
250,252,255,250,255,237,248,252
250,253,255,251,255,238,249,252
251,253,255,251,256,238,249,253
251,253,255,251,256,239,249,253
251,253,256,252,256,239,250,253
252,253,256,252,256,238,250,253
252,253,256,252,257,239,250,253
252,253,256,252,257,239,250,253
252,254,256,253,258,239,250,254
252,254,257,253,258,239,251,254
253,254,257,253,259,239,251,254
253,254,257,253,259,239,252,255
253,254,257,254,259,240,252,255
253,255,257,254,259,240,252,255
253,255,258,255,260,240,252,256
254,255,258,255,260,240,252,256
254,255,258,255,260,241,253,256
254,256,258,255,261,241,253,256
254,256,258,255,261,241,253,256
254,256,258,256,261,241,253,256
254,256,259,256,261,241,254,257
255,257,259,256,262,242,254,257
255,257,259,257,262,242,254,257
255,257,259,257,263,242,254,257
256,257,260,257,263,242,255,258
256,258,260,258,263,242,255,258
256,258,260,258,264,242,255,258
256,258,260,258,264,242,255,259
257,259,261,258,264,243,256,259
257,260,262,258,265,243,255,259
257,259,262,258,265,243,256,259
257,260,262,259,265,243,257,259
258,260,262,259,266,244,257,260
258,260,263,260,266,244,257,260
258,261,263,260,266,244,257,260
258,261,263,261,267,244,258,261
259,261,263,261,267,244,258,261
259,262,264,261,268,244,258,261
259,262,264,261,268,245,259,262
259,263,264,261,269,245,259,262
260,263,264,262,269,245,259,262
260,262,265,262,269,245,259,262
260,263,265,262,269,245,259,263
261,263,266,262,270,246,259,263
261,263,265,263,270,246,260,263
261,263,266,263,270,246,260,264
261,264,266,263,271,247,260,264
262,264,266,264,271,246,261,264
262,264,266,264,271,246,261,265
262,265,267,265,272,247,261,265
263,265,267,265,272,247,262,266
263,265,267,265,272,247,262,266
263,265,267,265,272,248,262,266
263,265,268,265,272,247,262,266
263,266,268,266,273,247,263,267
264,266,269,266,273,248,263,267
264,266,268,267,273,248,263,268
264,267,268,266,274,248,264,268
264,267,269,267,274,248,264,268
264,267,269,267,275,249,264,268
265,267,269,267,274,249,264,269
265,268,270,268,275,249,265,269
265,268,270,268,275,249,265,269
265,268,270,269,276,249,265,270
266,268,270,269,276,250,266,270
266,268,271,269,276,250,266,270
266,269,271,269,276,250,266,270
267,269,271,270,277,250,267,270
267,269,272,270,277,250,267,271
267,269,272,270,278,250,267,271
267,270,272,270,278,251,267,272
267,270,272,271,279,251,267,272
267,270,273,271,279,251,268,272
268,270,273,271,279,251,268,273
268,271,273,272,280,251,269,273
269,271,273,272,280,252,269,273
269,272,273,272,281,252,269,273
269,272,274,273,280,252,269,274
269,272,274,272,281,252,269,274
269,272,275,273,281,252,269,275
270,273,274,273,282,253,270,275
270,273,275,273,282,253,270,275
270,273,276,274,282,253,270,275
270,273,275,274,282,254,271,276
271,274,276,275,283,254,271,276
271,274,276,275,283,254,271,276
271,274,276,275,283,254,271,277
271,274,277,275,284,255,272,277
271,275,277,276,284,255,272,277
272,275,277,276,284,255,272,278
272,275,278,276,285,255,272,278
272,276,278,277,285,255,273,278
272,276,278,277,285,255,273,279
273,276,278,277,285,256,273,279
273,276,279,277,286,256,274,279
273,277,279,278,286,256,274,279
273,277,280,278,286,257,274,279
274,277,280,278,287,257,274,280
274,278,280,279,287,257,275,280
274,278,280,279,287,257,275,281
275,278,280,280,288,257,275,281
274,279,281,280,288,257,275,281
275,279,281,280,288,257,276,281
275,279,282,280,289,258,276,282
275,279,282,280,289,258,276,282
275,280,282,281,289,258,276,282
276,280,282,281,289,259,277,283
276,280,283,281,290,259,278,282
276,280,283,282,290,259,278,283
277,281,283,282,291,260,278,283
277,281,284,282,291,260,278,283
277,281,284,283,291,260,279,284
277,282,284,283,291,261,279,284
278,282,285,284,292,261,279,284
278,282,285,284,292,261,279,284
278,283,285,284,293,261,279,285
278,283,285,284,293,261,280,285
279,284,286,285,293,262,280,285
279,283,286,285,294,262,280,285
279,284,286,285,294,262,281,286
279,284,287,285,294,262,281,286
280,284,287,286,295,263,282,286
280,285,287,286,295,263,282,287
280,285,288,286,295,263,282,287
281,286,288,287,296,263,282,288
280,286,288,287,297,263,283,288
281,286,288,288,296,264,283,288
281,287,289,287,297,264,283,288
281,287,289,288,297,264,283,288
282,287,290,288,298,265,284,289
282,287,290,289,298,265,284,289
282,288,290,289,298,265,284,289
283,288,290,289,299,265,285,290
283,288,291,290,299,266,285,290
283,289,291,290,300,266,285,290
283,289,291,290,300,266,286,290
284,289,292,290,300,266,286,291
284,290,293,291,301,267,286,291
284,290,292,291,301,267,287,292
284,290,293,291,301,267,287,292
285,291,293,292,302,267,287,292
285,291,294,292,302,268,287,292
285,291,294,293,303,268,288,293
286,291,295,293,303,268,288,293
286,292,295,294,303,268,288,293
286,292,295,293,304,268,289,294
286,293,295,294,304,269,289,294
286,293,296,294,305,269,289,295
287,293,296,295,305,269,290,295
287,293,296,295,305,269,291,296
288,294,297,295,306,270,291,296
288,294,297,295,306,270,291,296
288,294,297,296,306,270,291,297
288,295,298,296,307,270,292,297
288,295,298,297,307,270,292,297
289,296,298,297,308,271,293,298
289,296,299,298,308,271,292,298
289,296,299,298,308,271,293,298
290,297,299,298,309,271,293,299
290,297,300,299,309,272,294,299
290,297,300,299,310,272,294,300
290,298,300,299,310,272,294,300
291,298,301,300,311,273,295,301
291,298,301,300,311,273,295,301
292,299,302,300,312,273,295,301
292,299,302,301,312,274,296,302
292,300,303,301,312,274,296,302
292,300,303,302,312,274,296,302
292,300,303,301,313,274,297,303
293,301,304,302,313,275,297,303
293,301,304,303,314,275,297,303
294,301,304,303,314,275,298,304
293,302,304,303,314,275,298,304
294,302,305,304,315,276,299,304
294,302,305,304,315,276,299,304
294,303,306,304,316,277,299,305
295,303,306,305,316,277,300,306
295,304,306,305,316,277,300,306
296,304,307,306,317,277,300,306
296,304,307,306,317,278,301,307
296,304,307,307,318,278,301,307
297,305,308,307,318,278,302,307
297,305,308,307,318,278,302,308
297,305,309,308,319,279,302,308
297,306,309,308,319,279,303,309
298,306,309,308,320,280,303,309
298,306,310,309,320,280,304,309
298,307,310,309,320,280,304,310
298,307,311,309,321,280,304,310
299,308,311,310,321,281,305,310
299,308,312,310,322,281,305,311
299,309,312,311,322,281,306,311
299,309,312,311,323,282,306,312
300,309,312,312,323,282,306,312
300,310,313,312,323,282,307,313
301,310,313,312,324,282,307,313
301,310,314,313,325,283,307,313
301,311,314,313,325,283,308,314
301,311,315,313,325,284,308,314
302,312,315,314,326,284,309,314
302,312,315,314,326,284,309,315
302,313,316,314,326,284,309,315
303,313,316,315,327,285,310,316
303,313,317,315,327,285,310,316
303,314,317,316,328,285,310,316
304,314,317,316,328,285,311,316
304,315,317,316,329,286,311,317
304,315,318,317,329,286,312,317
304,315,318,317,330,286,313,318
305,315,319,317,330,286,313,318
305,316,319,318,331,287,313,318
306,316,320,318,331,287,313,319
306,317,320,318,331,288,314,319
306,317,320,319,332,288,314,319
306,317,321,319,332,288,315,320
307,318,321,320,332,288,315,320
308,318,322,320,333,289,315,320
307,319,322,321,334,290,316,321
308,319,322,321,334,290,316,321
308,319,323,321,334,290,317,322
309,320,323,322,335,291,317,322
309,320,323,322,335,291,317,322
309,320,324,322,336,291,318,323
309,321,324,323,336,291,318,323
310,321,325,323,336,292,318,324
311,321,325,324,337,292,319,325
311,322,326,324,337,292,319,325
311,322,326,325,338,293,320,325
311,323,326,325,338,293,320,326
311,323,327,325,339,293,320,326
312,324,327,326,339,294,321,327
312,324,328,326,340,294,321,327
312,324,328,327,340,295,321,327
313,325,328,327,341,295,322,328
313,325,329,327,341,295,322,328
314,326,329,328,341,295,322,328
314,326,330,328,342,296,323,329
314,326,330,329,342,296,323,329
314,326,330,329,342,296,324,330
315,327,331,329,343,297,324,330
315,327,331,330,343,297,324,331
315,328,331,330,344,297,325,331
316,328,332,331,345,297,325,332
317,329,332,331,345,298,326,332
317,329,333,331,345,298,326,333
317,329,333,332,346,299,326,333
317,330,333,333,346,299,327,333
318,330,334,333,347,299,327,334
318,330,334,333,347,299,328,335
318,331,334,333,348,299,328,335
318,331,335,334,348,299,328,335
319,332,335,334,349,300,329,335
319,332,336,335,349,300,329,336
319,332,336,335,349,300,330,336
320,333,336,336,350,301,330,336
320,333,337,336,351,301,330,337
320,334,337,336,351,301,330,338
321,334,338,337,351,302,331,338
321,334,338,337,352,302,331,338
322,334,338,338,352,302,332,339
322,335,339,338,352,302,332,339
322,335,339,338,353,303,332,340
323,336,339,339,354,303,333,340
323,336,340,339,354,303,333,341
323,336,340,339,354,303,333,341
323,337,341,340,355,304,334,341
324,337,341,340,356,304,335,342
325,338,341,341,356,304,335,342
325,338,342,341,357,304,335,343
325,339,342,342,357,304,336,344
325,339,343,342,358,305,336,344
326,339,343,342,358,305,337,344
326,339,343,343,358,305,337,345
326,340,344,343,359,306,337,345
327,340,344,344,359,306,338,346
327,341,345,344,360,307,338,346
327,341,345,345,360,307,339,346
328,341,345,345,361,307,339,347
328,342,346,345,361,307,339,347
329,343,346,346,361,308,340,348
329,343,347,346,362,308,340,348
329,343,347,347,362,308,341,348
330,343,347,347,363,309,341,349
330,344,348,348,363,309,341,349
330,344,348,348,364,309,342,350
330,345,349,348,364,309,343,350
331,345,349,349,365,310,343,350
331,345,349,349,365,310,343,351
332,346,350,349,366,310,344,351
332,346,350,350,366,310,344,351
333,346,351,351,366,310,344,352
333,347,351,351,367,311,345,352
333,348,352,351,367,311,345,352
334,348,352,352,368,312,345,352
334,348,352,352,368,311,346,353
334,349,353,352,369,312,346,353
335,349,353,353,369,312,347,353
335,349,354,353,369,313,347,354
335,350,354,354,370,312,348,354
336,350,354,354,370,313,348,354
336,351,354,354,371,313,349,355
336,351,355,355,371,314,349,355
336,352,355,355,372,314,349,356
337,352,356,356,372,314,350,356
337,352,356,356,373,315,350,356
337,353,357,357,373,315,350,356
338,353,357,357,374,315,351,357
338,354,357,358,374,315,351,358
338,354,358,358,374,316,352,358
339,354,358,359,375,316,352,359
339,355,359,359,375,316,352,359
340,355,359,359,376,316,353,360
340,355,359,359,376,317,354,360
340,356,360,360,377,317,354,361
341,356,360,360,377,317,355,361
341,357,361,361,378,318,355,361
341,357,361,361,378,318,356,362
341,357,362,361,378,318,356,362
342,358,362,362,379,319,356,363
343,358,362,363,380,319,357,363
343,359,363,364,380,319,357,364
343,359,363,364,381,320,358,364
343,360,364,364,381,320,358,365
344,360,365,364,381,320,359,365
344,361,365,365,382,321,359,366
345,361,365,365,382,321,359,366
345,361,365,366,382,321,360,367
345,362,366,366,383,321,360,367
345,363,367,366,384,322,360,368
346,362,367,367,384,322,361,368
346,363,367,367,385,323,361,368
347,363,368,368,385,323,362,369
347,364,368,369,386,323,362,369
347,365,368,369,386,324,363,370
348,365,369,369,387,324,363,370
348,365,369,370,387,324,364,371
349,366,370,370,388,325,364,371
349,366,370,370,388,325,364,371
349,366,371,371,389,325,365,372
350,367,371,371,389,326,366,372
350,367,372,371,390,326,366,373
350,367,372,372,390,326,367,373
351,368,372,373,391,326,367,374
351,368,373,373,392,327,368,374
351,369,373,373,392,327,368,375
352,369,374,374,392,327,368,375
352,369,374,374,393,328,369,375
352,370,374,375,393,328,370,376
353,371,375,375,394,329,370,376
353,371,376,375,394,329,371,376
354,371,375,376,395,329,371,377
354,372,376,377,395,329,371,378
354,372,377,377,396,330,372,378
354,373,377,377,396,330,372,378
355,373,377,378,397,331,373,379
355,373,378,378,397,331,374,379
356,374,378,379,398,331,374,380
356,375,378,379,398,331,375,380
357,375,379,380,399,332,375,380
357,375,379,380,399,332,376,381
357,375,380,381,400,332,376,382
357,376,380,381,400,333,377,382
358,377,381,381,400,333,377,382
358,377,381,381,401,334,378,383
358,377,381,382,401,334,378,383
359,378,382,383,402,334,379,384
359,378,382,383,402,334,379,384
359,378,382,383,403,335,380,385
360,379,383,384,403,335,380,385
360,379,383,384,404,336,380,385
361,380,384,385,404,336,381,386
361,380,384,385,405,336,381,387
361,381,384,386,405,336,381,387
362,381,385,386,406,337,382,388
362,382,385,387,407,337,382,388
362,382,385,387,407,337,383,388
363,382,386,388,407,338,383,389
363,383,386,388,408,338,384,389
363,384,387,388,408,338,384,389
364,384,387,388,409,339,384,390
364,384,388,389,409,339,385,390
365,385,388,389,410,340,385,391
365,385,388,390,410,340,386,391
365,385,389,391,411,340,387,391
366,386,389,391,411,341,387,392
366,387,390,391,412,341,387,392
367,387,390,392,412,341,388,392
367,387,390,392,412,341,388,393
367,388,391,393,413,342,389,393
368,389,391,393,414,342,389,393
368,389,392,394,414,342,390,394
368,389,392,394,415,343,390,394
368,390,392,394,415,343,390,395
369,390,392,395,416,343,391,395
369,390,393,395,416,344,392,396
370,391,393,396,417,344,392,396
370,391,394,397,417,345,393,396
370,391,394,397,417,345,393,397
371,392,395,397,418,345,393,397
371,393,395,398,418,346,394,398
371,393,396,398,419,346,395,398
372,393,396,398,420,346,395,398
372,394,396,399,420,346,395,399
373,394,397,399,420,347,396,399
373,395,397,400,421,347,397,399
373,395,398,400,421,348,397,400
374,395,398,401,422,348,397,400
374,396,399,401,422,348,398,401
375,396,399,401,423,348,398,401
375,397,399,402,423,349,399,402
375,397,399,402,424,349,399,402
375,398,400,403,424,350,400,403
376,398,400,403,425,350,400,403
376,399,401,404,425,350,400,404
376,399,401,405,426,350,401,404
377,399,401,405,426,351,402,405
377,399,402,405,427,351,402,405
378,400,402,406,427,351,402,405
378,400,403,406,428,351,403,406
378,401,403,407,428,352,403,407
378,401,404,407,429,353,404,407
379,402,404,407,429,353,404,407
379,402,405,408,429,353,405,408
380,402,405,408,430,353,405,408
380,403,405,409,430,354,406,409
381,404,406,409,431,354,406,409
381,404,407,410,431,354,406,409
381,404,407,410,432,355,407,410
381,405,407,411,432,355,407,410
382,405,408,411,433,355,408,410
382,406,408,412,433,356,408,411
383,406,408,412,434,356,408,411
383,406,409,412,434,357,409,412
383,407,410,413,435,357,409,412
383,407,410,413,435,357,410,412
384,408,411,414,436,358,410,413
384,408,411,414,436,358,411,413
385,409,411,415,437,358,411,414
385,409,413,415,437,359,412,414
386,410,413,416,437,359,412,415
386,410,413,416,438,359,413,415
387,410,413,416,439,359,413,415
387,411,414,417,439,360,413,416
387,412,414,417,440,360,414,416
387,412,415,418,440,360,414,416
388,412,416,418,440,361,415,417
388,413,416,419,441,361,415,417
389,413,416,420,442,361,416,418
389,414,417,420,442,362,416,418
390,414,417,420,443,362,417,418
390,414,418,421,443,363,417,419
390,415,418,421,444,363,417,419
391,415,419,422,444,363,418,420
391,416,419,422,445,364,418,420
392,416,420,423,445,364,419,421
392,417,420,423,446,364,419,421
392,417,421,423,446,365,420,421
392,417,421,424,447,365,420,422
393,418,422,424,447,365,420,422
393,418,423,425,448,366,421,423
393,419,423,426,448,366,422,423
394,420,424,426,449,367,422,424
395,420,424,426,449,367,422,424
394,421,424,427,449,367,423,424
395,421,425,427,450,368,423,425
395,421,425,428,451,368,424,425
396,422,426,428,451,368,424,425
396,422,427,429,452,368,425,426
397,423,427,429,452,369,425,426
397,423,428,429,453,369,426,426
397,423,428,430,453,369,426,427
397,424,428,430,454,370,426,427
398,424,429,431,454,370,427,427
399,424,429,432,455,371,428,428
399,425,430,432,455,371,428,428
399,425,430,432,455,371,428,429
400,426,431,433,456,372,429,429
400,427,432,433,456,372,430,429
401,427,432,434,457,372,430,430
401,427,432,434,457,373,430,430
401,427,433,435,458,373,431,431
401,428,433,435,458,373,431,431
402,428,434,435,459,374,431,432
403,429,434,436,459,374,432,432
403,429,435,437,459,375,432,432
403,430,435,437,460,375,433,433
403,430,435,437,461,375,434,433
404,431,436,438,461,376,434,434
405,431,437,439,461,376,434,434
405,432,437,439,462,376,435,435
405,432,438,439,462,377,435,435
406,432,438,440,463,377,436,435
406,433,439,441,463,377,436,436
407,433,439,441,464,378,437,436
407,434,439,442,464,378,437,437
407,434,440,442,465,378,437,437
408,435,440,442,465,378,438,438
408,435,441,443,466,379,438,438
408,435,441,443,466,380,439,438
409,436,442,444,467,380,439,439
409,437,442,444,467,380,440,439
410,437,442,445,468,381,440,440
410,437,443,445,468,381,441,440
410,438,443,445,469,381,442,440
411,438,444,446,469,381,442,441
411,439,444,447,470,382,442,441
412,439,444,447,470,382,443,442
412,439,445,448,471,383,444,442
412,440,445,448,471,383,444,442
413,440,446,449,472,383,445,443
413,441,446,449,472,383,445,443
414,441,447,449,473,384,446,444
414,442,447,450,473,384,447,444
414,443,448,450,473,384,447,445
415,443,448,451,474,385,447,445
415,443,448,451,474,385,448,446
415,444,449,452,475,386,448,446
416,445,449,452,476,386,449,447
416,445,450,453,476,386,449,447
417,445,450,454,476,387,450,447
417,446,451,454,477,387,450,448
417,446,451,454,477,388,450,448
418,447,452,455,478,387,451,449
418,447,452,455,478,388,452,449
419,448,452,456,479,388,452,450
419,448,453,456,479,389,452,450
420,449,453,457,480,389,453,450
420,449,454,457,480,389,453,451
420,449,454,458,481,390,453,451
421,450,455,459,481,390,454,452
421,450,455,459,481,391,454,452
422,451,456,459,482,391,455,452
422,452,456,460,483,392,455,453
422,452,457,460,483,392,456,453
423,452,457,461,484,392,456,453
423,453,458,462,484,393,457,454
424,453,458,462,485,393,457,454
424,454,458,462,485,393,458,455
425,455,459,463,485,394,458,455
425,455,459,463,486,394,459,456
425,455,460,464,486,394,459,456
426,456,460,465,487,395,460,457
426,456,461,465,487,395,460,457
426,457,461,465,488,395,461,457
427,457,461,466,488,396,461,458
428,458,462,466,489,396,461,459
428,458,462,467,490,397,462,459
428,459,463,467,490,397,462,459
429,459,463,468,491,398,463,460
429,460,464,468,491,399,463,460
429,460,464,469,491,399,464,461
430,461,464,469,492,399,464,462
430,461,465,469,492,400,465,462
431,461,465,470,493,400,465,462
431,462,466,470,493,401,466,463
432,462,466,471,494,401,466,463
432,463,467,471,495,402,467,463
432,463,467,472,495,402,467,464
433,464,468,472,495,402,468,464
433,464,468,473,496,403,468,465
434,465,468,473,496,404,469,466
434,465,469,474,497,404,469,466
435,466,469,474,497,404,469,466
435,466,470,475,498,404,470,467
435,467,470,475,498,405,470,467
436,467,471,476,498,405,471,468
436,468,472,476,499,406,471,468
437,468,472,476,499,406,472,468
437,469,472,477,500,407,472,469
437,469,473,478,500,407,473,469
438,469,473,478,501,407,473,470
438,470,474,478,501,408,474,470
439,470,474,479,502,409,474,471
439,471,474,479,502,409,475,471
440,471,475,480,503,409,475,472
440,472,476,480,503,410,476,472
440,472,476,481,504,410,476,472
441,473,476,481,504,411,476,473
441,473,477,482,505,411,477,473
442,474,477,482,505,412,477,474
442,474,478,482,505,412,478,474
443,475,478,483,506,412,479,475
443,475,479,484,507,413,479,475
444,475,479,484,507,413,480,476
444,476,479,485,507,413,480,476
444,477,480,485,508,414,480,476
444,477,480,486,508,414,481,476
445,478,480,486,509,414,481,477
445,478,481,486,509,415,482,478
446,478,481,487,510,415,482,478
447,479,482,487,510,416,483,478
446,479,482,488,511,416,483,478
447,479,483,488,511,416,484,479
447,480,483,489,512,417,484,479
447,481,484,489,512,417,485,480
448,481,484,490,513,417,485,480
448,482,484,491,513,418,486,481
449,482,485,491,514,418,486,481
449,482,485,491,514,418,487,482
450,483,486,492,514,419,487,482
450,483,486,492,515,420,487,482
450,484,487,493,515,420,488,482
451,484,487,493,516,420,489,483
451,485,487,493,516,421,489,484
452,485,488,494,516,421,489,484
452,486,488,495,517,421,490,484
452,486,489,495,518,422,491,485
453,486,489,495,518,423,491,485
453,487,490,496,518,423,491,486
453,487,490,496,519,423,492,486
454,488,490,497,520,424,492,487
454,488,491,497,520,424,493,487
454,489,491,497,520,424,493,487
455,489,492,498,521,425,494,488
455,490,492,499,521,425,494,488
456,490,493,499,522,426,495,488
456,491,493,499,522,426,495,489
456,491,494,500,523,427,496,489
457,491,494,500,523,427,496,490
457,492,494,501,524,427,497,490
458,492,494,502,524,428,497,490
458,493,495,502,525,428,498,491
459,493,495,502,525,429,498,492
459,494,496,503,525,429,498,492
460,494,497,503,526,429,499,492
460,495,497,504,526,430,499,493
460,495,497,504,527,430,499,494
461,496,498,505,527,431,501,494
461,496,498,505,528,431,500,494
462,496,498,506,528,432,501,495
462,497,499,506,529,432,502,495
462,497,499,507,529,433,502,496
463,498,500,507,530,433,503,496
463,498,500,507,530,433,503,496
463,499,501,508,530,434,503,497
464,499,501,508,531,434,504,497
464,499,501,509,531,434,504,498
465,500,502,509,532,435,505,498
465,500,502,510,532,435,505,498
466,501,503,510,533,436,506,499
466,501,503,511,533,436,506,499
466,502,504,511,534,436,507,500
467,502,505,512,534,437,507,500
467,502,505,512,535,437,508,501
467,503,505,512,535,437,508,501
468,503,505,513,536,438,509,502
468,504,506,514,536,439,509,502
469,504,506,514,536,439,509,502
469,504,507,515,537,439,510,503
469,505,507,515,537,440,511,504
470,505,508,515,538,440,511,504
470,506,508,516,538,440,511,504
471,506,508,516,539,441,512,505
471,507,509,517,539,441,512,505
472,507,509,517,540,442,513,506
472,508,510,518,540,442,513,506
472,508,510,518,541,442,514,506
472,508,511,518,541,443,514,507
473,509,511,519,542,443,515,508
473,509,512,520,542,443,515,508
474,510,512,520,543,444,516,508
474,510,512,521,543,444,516,509
475,510,513,521,543,445,517,509
475,511,513,521,544,445,517,509
475,511,514,522,544,446,518,510
476,512,514,523,545,446,518,510
476,512,515,523,545,447,518,511
477,512,515,523,546,447,519,512
477,513,515,524,546,447,519,512
477,513,516,524,546,447,520,512
478,514,516,525,547,448,520,512
478,514,517,525,548,448,521,513
479,515,517,525,548,449,521,513
479,515,518,526,548,449,522,514
479,516,518,526,549,450,522,515
480,516,519,527,549,450,523,515
480,516,519,527,550,450,523,515
480,517,519,528,550,451,524,516
481,517,520,529,551,451,524,516
481,518,520,529,551,451,525,517
482,519,520,529,552,452,525,517
482,519,521,530,552,453,525,518
483,519,521,530,553,453,526,518
483,520,522,530,553,453,526,518
484,520,522,531,553,454,527,519
484,521,522,532,554,454,527,519
484,521,523,532,554,454,527,520
485,521,523,532,555,455,528,520
485,522,524,533,555,455,529,520
486,522,524,533,556,456,529,521
486,522,525,534,556,456,530,521
487,523,525,534,556,456,530,522
487,524,525,535,557,457,531,522
487,524,526,535,558,457,531,523
488,524,526,536,558,458,531,523
488,525,526,536,558,458,532,523
489,525,527,536,559,458,532,524
489,526,527,537,559,459,533,524
489,526,528,538,560,460,533,525
490,527,528,538,560,460,534,525
490,527,529,539,561,460,534,526
490,528,529,539,561,461,534,526
491,528,530,540,561,461,535,527
491,528,529,540,562,461,535,527
491,529,530,540,563,462,536,527
492,529,531,541,563,462,537,528
492,530,531,541,563,463,537,528
493,530,531,542,564,463,537,529
493,531,532,542,564,463,538,529
494,531,532,543,565,464,538,529
494,532,533,543,565,464,538,530
495,532,533,544,566,464,539,530
495,532,533,544,566,465,540,531
495,533,534,544,566,465,540,531
495,533,534,545,567,466,540,531
496,534,535,545,567,466,540,532
496,534,535,546,568,466,541,532
497,535,535,546,569,467,541,533
497,535,536,547,568,467,542,534
497,535,536,547,569,467,542,534
498,536,537,548,570,468,543,534
498,537,537,548,570,468,543,535
499,537,538,548,570,469,544,535
499,537,538,549,571,469,544,536
500,538,539,550,571,469,545,536
500,538,539,550,572,470,545,536
501,538,540,550,572,470,545,537
501,539,540,551,573,470,546,537
502,539,540,551,574,471,546,538
502,540,541,552,574,472,547,538
502,540,541,552,574,472,547,539
502,540,542,553,575,472,548,539
503,541,542,553,575,472,548,540
503,541,543,553,575,473,549,540
504,542,543,554,576,473,549,540
504,542,543,554,576,474,549,541
504,542,544,555,576,474,550,541
505,543,544,555,577,474,550,542
506,543,544,556,577,475,551,542
506,544,545,556,578,475,551,543
506,544,545,556,579,476,552,543
507,544,546,557,579,476,552,544
507,545,546,558,579,476,553,544
508,545,546,558,580,476,553,544
508,546,547,558,580,477,553,545
508,546,547,559,581,478,554,545
509,547,548,559,581,478,554,546
509,547,548,560,581,478,555,546
510,548,549,560,582,479,556,546
510,548,549,560,582,479,556,547
510,549,550,561,583,479,556,547
511,549,550,562,583,480,557,548
511,549,550,562,584,480,557,548
512,550,551,562,584,481,558,548
512,550,551,563,584,482,558,549
513,550,551,563,585,481,559,549
513,551,552,564,585,482,559,549
513,551,552,564,585,482,559,550
514,552,553,564,586,483,560,551
514,552,553,565,586,483,560,551
514,552,554,565,587,484,561,551
515,553,554,566,587,484,561,552
516,553,554,566,588,485,561,552
516,554,555,567,588,485,562,552
516,554,555,567,589,486,562,553
517,555,556,568,589,486,563,553
517,555,556,568,589,487,563,553
518,555,556,568,590,487,564,554
518,556,557,569,590,488,564,554
518,556,557,569,591,488,564,554
519,557,558,570,591,489,565,555
519,557,558,570,591,489,565,555
520,558,559,571,592,489,565,556
520,558,559,571,592,490,566,556
521,558,559,572,593,490,566,557
521,559,560,572,593,491,567,557
521,559,560,573,593,491,567,558
522,559,560,573,594,492,567,558
522,560,561,573,594,492,568,558
523,560,561,574,595,493,568,559
523,561,562,574,595,493,569,559
524,561,562,575,595,494,569,560
524,562,563,575,596,494,570,560
524,562,563,576,596,494,570,560
525,562,563,576,597,495,570,561
525,563,563,576,597,495,571,561
526,563,564,577,597,496,571,562
526,564,565,577,598,496,572,562
527,564,565,578,598,496,572,563
527,564,565,578,599,497,573,563
527,565,566,579,599,497,573,563
528,565,566,579,599,498,574,564
528,566,567,579,600,498,574,565
529,567,567,580,600,499,575,565
529,567,567,581,601,499,575,565
529,567,568,581,602,499,575,566
530,568,568,581,602,500,576,566
530,568,569,582,602,500,576,567
531,568,569,582,603,500,577,567
531,569,569,582,603,501,577,567
531,569,570,583,603,501,577,567
532,569,570,584,604,502,578,568
532,570,570,584,604,502,578,568
533,570,571,584,605,503,579,569
533,571,571,585,605,503,579,569
533,571,572,585,605,504,579,570
534,572,572,586,606,504,580,570
534,572,573,586,606,504,581,571
535,572,573,586,607,505,581,571
535,573,573,587,607,505,581,571
536,573,573,588,607,505,582,572
536,573,574,588,608,506,582,572
536,574,574,588,608,506,583,573
537,575,575,589,609,507,583,573
537,575,575,589,609,507,583,574
538,575,575,589,609,507,584,574
538,576,576,590,610,508,584,574
538,576,576,590,610,508,584,575
539,576,576,591,611,508,585,575
539,577,577,591,611,509,585,576
539,577,577,592,611,509,586,576
540,578,578,592,612,510,586,576
540,578,578,593,612,511,587,577
541,578,578,593,613,511,587,577
541,579,579,593,613,511,588,577
541,579,579,594,613,511,588,578
542,580,580,595,614,512,588,578
542,580,580,595,615,512,589,578
543,581,580,595,615,513,589,579
543,582,581,595,615,513,589,579
544,582,581,596,616,513,590,580
544,582,582,597,616,514,590,580
545,582,582,597,617,514,591,580
545,583,582,597,617,515,591,581
545,583,583,598,617,515,592,581
545,583,583,598,617,516,592,581
546,584,584,599,618,516,592,582
546,584,584,599,618,516,593,582
547,585,584,599,619,517,593,583
547,585,585,600,619,517,594,583
548,586,585,600,620,518,594,584
548,586,586,601,620,518,595,584
548,586,586,601,621,518,595,585
549,587,586,602,621,519,595,585
549,587,587,602,621,519,596,585
549,588,587,602,622,520,596,586
550,588,587,603,622,520,597,586
550,588,588,603,623,520,597,587
551,588,588,604,623,521,597,587
551,589,589,604,624,521,598,587
551,589,589,604,624,522,598,587
552,590,590,605,625,522,599,588
552,590,590,606,625,523,599,588
553,590,590,606,625,523,600,589
553,591,590,606,626,523,600,589
554,591,591,607,626,523,600,589
554,592,591,607,626,524,601,590
554,592,592,608,627,524,601,590
555,592,592,608,627,525,602,590
555,593,592,608,628,525,602,591
555,593,592,609,628,525,602,592
555,594,593,609,628,526,603,592
556,594,593,609,629,526,604,592
556,594,594,610,629,526,604,593
557,595,594,610,629,527,604,593
557,595,594,611,630,527,605,593
557,596,595,611,630,527,605,593
558,596,595,612,631,527,606,594
558,597,595,612,631,528,606,594
559,597,596,613,631,528,606,595
559,597,596,613,632,529,606,595
559,597,597,613,632,529,607,596
559,598,597,614,633,529,607,597
560,598,597,614,633,530,607,597
560,599,598,615,634,530,608,597
560,599,598,615,634,530,608,598
561,599,598,615,634,531,609,598
561,600,599,616,635,531,609,599
562,600,599,616,635,531,609,599
562,600,600,616,635,532,610,599
563,601,600,617,636,532,610,600
563,601,600,617,636,532,610,600
563,601,601,618,636,532,611,600
564,602,602,618,637,533,611,601
564,603,602,619,637,533,612,601
565,603,602,619,637,534,612,601
565,603,603,619,638,534,613,602
565,604,603,620,638,535,613,602
565,604,604,620,639,535,613,603
566,604,603,621,639,535,614,603
566,605,604,621,640,536,614,603
567,605,604,621,639,536,614,604
567,605,604,621,640,536,614,604
567,606,605,622,640,537,615,605
568,606,605,622,641,537,615,605
568,607,605,623,641,537,615,605
569,607,606,623,642,538,616,606
569,607,606,624,642,538,616,606
569,608,607,624,642,538,617,607
570,608,607,624,643,539,617,607
570,608,607,625,643,540,618,608
571,609,608,625,644,540,618,608
571,609,608,626,644,540,618,608
571,610,609,626,644,541,619,609
572,610,609,626,645,541,619,609
572,610,609,627,645,542,620,609
572,611,610,627,645,542,620,610
573,611,610,627,646,542,621,610
573,612,611,628,646,543,621,610
573,612,611,628,647,543,621,611
574,612,611,629,647,544,622,611
574,612,612,629,647,544,622,611
574,613,612,629,648,544,623,612
575,613,612,630,648,545,623,612
575,614,613,630,648,545,623,612
576,614,613,631,648,546,623,613
576,615,614,631,649,546,624,613
576,615,614,631,650,546,624,614
577,615,615,632,650,547,625,614
577,615,615,632,650,548,625,615
577,616,615,633,650,548,626,615
578,616,615,633,651,548,626,615
578,617,616,633,651,549,627,616
579,617,616,634,651,549,627,616
579,618,616,634,652,550,627,616
579,618,617,635,652,550,628,617
580,618,617,635,652,550,628,617
580,618,618,636,653,551,629,617
580,619,618,636,653,551,629,618
581,619,618,636,654,552,630,618
581,620,619,636,654,552,630,618
582,620,619,637,655,553,630,619
582,621,620,637,655,553,631,619
582,621,620,638,655,554,631,620
583,621,620,638,656,554,631,620
583,621,621,638,656,554,632,620
583,622,621,639,656,554,632,621
584,622,622,639,657,555,632,621
584,623,622,640,657,555,633,622
584,623,622,640,657,555,633,622
585,623,623,641,658,556,634,622
585,624,623,641,658,556,634,622
585,624,623,641,659,557,635,623
586,624,623,641,659,557,635,623
586,625,624,642,659,557,635,623
587,625,624,642,660,558,636,624
587,625,625,643,660,558,636,624
587,626,624,643,660,558,636,624
587,626,625,644,661,559,637,625
588,626,625,644,661,559,637,625
589,627,626,644,661,559,637,626
589,627,626,645,662,560,638,626
589,628,626,645,662,560,638,626
590,628,627,646,662,561,639,627
590,628,627,646,663,561,639,628
590,629,627,646,663,561,639,628
591,629,628,647,663,562,640,628
591,630,628,647,664,562,640,628
591,630,629,647,664,562,641,629
592,630,629,648,665,563,641,629
592,630,629,648,665,563,641,629
592,631,630,648,666,564,642,630
593,632,630,649,666,564,642,630
593,632,630,649,666,564,643,630
594,632,631,649,667,565,643,631
594,633,631,650,667,565,643,631
595,633,631,650,667,566,644,631
595,633,632,651,668,566,644,632
595,634,632,651,668,566,645,632
596,634,633,651,668,567,645,633
596,635,633,652,668,567,645,633
597,635,633,652,669,568,646,634
597,636,634,653,670,568,646,633
597,636,634,653,670,568,646,634
597,636,635,653,670,569,647,634
598,636,635,654,670,569,647,635
598,637,635,654,671,569,647,635
598,638,635,655,671,570,648,635
599,638,636,655,671,570,648,636
599,638,636,655,671,570,648,636
599,638,637,656,672,571,649,637
600,639,637,656,672,571,649,637
600,639,637,656,673,572,649,637
600,639,637,657,673,572,650,638
601,640,637,657,674,573,650,638
601,640,638,657,674,573,650,639
601,640,638,658,674,573,651,639
602,641,639,658,674,574,651,639
602,641,639,659,675,574,652,639
603,641,639,659,676,574,652,640
603,642,639,659,676,575,653,640
604,642,640,660,676,575,653,641
604,642,640,660,676,576,653,641
604,643,641,660,677,576,654,642
604,643,641,661,677,577,654,642
605,644,641,661,677,577,655,642
605,644,642,662,678,577,655,643
605,644,642,662,678,578,655,643
606,645,642,662,678,578,656,643
606,645,643,663,679,578,656,644
607,645,643,663,679,579,656,644
607,646,643,663,679,579,657,644
607,646,643,664,680,579,657,645
607,647,644,664,680,580,658,645
608,647,644,664,681,580,658,646
608,647,645,665,680,581,658,646
609,647,645,665,681,581,659,646
609,648,646,665,681,582,659,647
609,648,646,666,682,582,660,647
609,649,646,666,682,582,660,648
610,648,647,667,683,583,661,648
610,649,647,667,683,583,661,648
610,650,647,668,683,583,662,649
611,650,648,668,684,584,662,649
611,650,648,668,684,584,662,649
612,650,648,669,684,584,662,650
612,651,648,669,685,584,663,650
612,651,649,669,685,585,663,651
613,651,649,669,685,585,664,651
613,652,650,670,686,586,664,651
614,652,650,670,686,586,665,652
614,652,650,671,687,586,665,652
614,653,651,671,687,586,666,653
614,653,651,671,687,587,666,653
615,654,651,672,687,587,666,653
615,654,652,672,688,588,666,653
615,654,652,672,688,588,667,654
616,654,652,673,689,588,667,654
616,655,652,673,689,589,668,655
617,655,653,673,689,589,668,655
617,656,653,674,690,589,668,655
617,656,653,674,690,589,669,655
618,656,654,674,690,590,669,656
618,657,654,675,691,590,669,656
618,657,655,675,691,591,670,657
619,657,655,676,691,591,670,657
619,657,655,676,692,592,670,657
619,658,656,677,692,592,671,657
620,658,656,677,692,592,671,658
620,659,656,677,693,593,671,658
621,659,657,677,693,593,671,659
621,659,657,678,693,593,672,659
621,659,657,678,693,594,672,659
621,660,658,678,694,594,672,660
622,660,658,679,694,594,673,660
622,661,659,679,694,595,673,660
623,661,659,680,695,595,673,661
623,661,659,680,695,596,674,661
623,662,659,680,696,596,674,661
624,662,660,681,696,596,674,662
624,662,660,681,696,596,675,662
624,663,660,681,697,597,675,662
625,663,661,682,697,598,676,663
625,663,661,682,697,598,676,663
625,664,661,683,698,598,676,663
625,664,662,683,698,598,677,664
626,665,662,683,698,598,677,664
627,665,663,683,698,599,677,664
627,665,663,684,699,599,677,665
627,666,663,684,699,600,678,665
627,666,663,685,700,600,678,666
628,667,663,685,700,600,678,666
628,667,664,685,700,601,679,666
629,667,664,686,700,601,679,666
629,667,665,686,700,601,679,667
629,668,665,686,701,602,680,667
630,668,665,686,701,602,680,668
630,668,666,687,701,602,680,668
631,669,666,687,702,603,681,668
631,669,666,687,702,603,681,669
631,669,667,688,702,603,681,669
631,669,667,688,703,604,682,669
632,670,667,688,703,604,682,670
632,670,668,689,703,604,683,670
633,670,668,689,704,605,682,670
633,671,668,690,704,605,683,670
633,671,668,690,704,606,683,671
634,672,669,690,705,606,684,671
634,672,669,691,705,606,684,672
635,672,670,691,705,606,684,672
634,673,670,691,706,607,684,672
635,673,670,692,706,607,685,672
635,673,671,692,706,607,685,673
636,673,671,692,707,608,685,673
636,674,671,692,707,608,686,673
636,674,672,693,707,608,686,674
637,674,672,693,708,609,686,674
637,675,672,693,708,609,687,674
637,675,672,694,708,609,687,675
638,675,673,694,708,610,687,675
638,676,673,695,709,610,687,675
638,676,674,695,709,610,688,676
639,676,673,695,709,611,688,676
639,677,674,696,709,611,688,677
640,677,674,696,710,612,689,676
640,678,674,696,710,612,689,677
640,678,675,697,710,612,689,677
641,678,675,697,711,613,690,677
641,678,675,697,711,613,690,678
641,679,676,697,711,613,690,678
641,679,676,698,712,614,690,679
642,680,676,698,712,614,691,679
642,679,677,699,712,614,691,679
642,680,677,699,713,615,691,679
643,680,678,699,713,615,691,680
643,681,677,699,713,615,692,680
643,681,678,700,714,616,692,680
644,681,678,700,714,616,693,681
645,681,679,701,714,616,693,681
644,682,679,701,714,617,694,681
645,682,679,701,715,617,693,682
645,682,680,701,715,618,694,682
645,683,680,702,715,618,694,682
646,683,680,702,716,618,695,682
646,683,680,702,716,619,695,683
647,683,681,703,716,619,695,683
647,684,681,703,717,619,695,684
648,684,681,703,717,619,696,684
648,684,682,703,717,620,696,684
648,685,682,704,718,620,696,685
648,685,682,704,718,620,697,685
648,685,682,704,718,621,697,685
649,686,683,704,718,621,697,686
649,686,683,705,719,621,698,686
650,686,683,705,719,622,698,686
650,687,684,706,719,622,699,686
650,687,684,706,720,622,699,686
651,687,684,706,720,623,699,687
651,687,685,707,720,623,699,687
651,688,685,707,720,624,700,687
652,688,685,707,721,624,700,688
652,688,685,708,721,624,701,688
652,688,686,708,721,625,701,689
653,689,686,708,722,625,701,689
653,690,686,708,722,625,702,689
653,690,686,709,722,626,702,689
653,690,687,709,722,626,702,689
654,690,688,710,723,626,703,690
654,690,687,710,723,627,703,690
655,691,688,710,723,627,703,691
655,691,688,710,724,628,704,691
655,691,688,711,724,628,704,691
656,692,689,711,724,628,704,691
656,692,689,711,725,629,704,692
657,692,689,712,725,629,705,692
657,693,690,712,726,629,705,693
657,693,690,712,725,630,705,693
657,693,690,713,726,630,706,693
658,693,690,713,726,630,706,694
658,694,691,713,726,630,707,694
658,694,691,713,727,631,707,694
659,695,691,714,728,631,708,694
659,695,691,714,727,631,708,695
659,695,692,715,728,632,708,695
660,695,692,715,728,632,708,696
660,696,693,715,728,632,709,696
661,696,693,716,729,633,708,696
661,697,693,715,729,633,709,696
661,697,693,716,729,633,709,697
661,697,694,717,729,634,709,697
662,698,694,716,730,634,710,697
662,697,694,717,730,634,710,698
663,698,694,717,731,635,710,698
663,698,695,718,731,635,710,698
663,699,695,718,731,635,711,699
663,699,695,718,731,636,711,699
664,699,696,718,732,636,712,699
664,699,696,719,732,636,712,700
664,700,696,719,732,636,712,700
665,700,696,719,733,637,712,700
665,701,697,720,733,637,713,700
665,701,697,720,733,638,713,701
665,701,698,720,733,638,713,701
666,701,697,720,734,638,713,701
666,701,698,721,734,639,714,702
667,702,698,721,734,639,714,702
667,702,699,721,734,639,714,702
668,703,699,722,735,640,715,702
668,703,699,722,735,640,715,702
668,703,699,723,735,640,715,703
668,703,700,722,736,641,715,703
669,704,700,723,736,641,716,703
669,704,700,723,736,642,716,704
669,704,701,723,737,642,716,704
670,705,701,724,737,642,717,704
670,705,701,724,737,642,717,705
670,705,702,724,738,643,717,705
671,706,702,725,737,643,717,705
671,706,702,725,738,644,718,705
671,706,703,725,738,644,718,706
671,707,703,726,738,644,718,706
672,707,703,726,738,644,718,706
672,707,703,726,739,645,719,706
672,707,704,726,739,645,719,707
673,708,704,727,740,646,719,707
673,708,704,727,740,646,720,707
673,709,704,727,740,647,720,708
674,708,705,728,740,646,720,708
674,709,705,728,740,647,720,708
674,709,705,728,741,647,721,708
675,709,706,728,741,648,721,708
675,710,706,729,742,648,721,709
675,710,706,729,742,648,721,709
676,711,706,729,742,648,722,709
676,710,707,730,742,649,722,710
676,711,707,730,742,649,723,710
677,711,707,730,743,649,723,710
677,711,708,731,743,649,723,710
677,712,708,731,744,650,723,711
677,712,708,731,743,650,724,712
678,712,708,732,744,650,724,711
678,713,709,732,744,651,724,712
679,713,709,732,745,651,725,712
679,713,709,732,745,651,725,713
679,713,709,733,745,652,725,712
679,713,710,733,745,652,725,713
680,714,710,733,745,652,726,713
680,714,711,733,745,653,726,713
680,714,711,734,746,653,727,714
681,715,711,734,746,653,727,714
681,715,711,735,747,653,727,714
681,715,711,735,747,654,727,714
682,716,711,735,747,654,728,715
682,716,712,735,747,655,728,715
682,716,712,736,748,655,728,715
683,716,712,736,748,655,728,716
683,717,713,736,748,655,729,716
683,717,713,736,749,656,729,716
683,717,714,737,749,656,729,717
683,717,714,737,749,656,729,717
684,717,714,737,749,657,730,717
684,718,714,738,750,657,730,717
685,718,714,738,750,657,730,717
685,718,715,738,750,658,731,718
685,719,715,738,750,658,731,718
685,719,715,739,751,658,731,719
686,719,715,739,751,659,731,719
686,720,715,739,751,659,732,719
686,720,716,739,751,659,732,719
686,720,717,740,752,660,732,720
687,720,716,740,752,660,733,720
687,721,717,741,752,660,733,720
687,721,717,741,752,660,733,720
688,721,717,741,753,661,733,721
688,722,717,741,753,661,734,721
688,722,718,742,753,661,734,721
688,722,718,742,753,662,734,722
689,722,718,742,753,662,735,722
689,723,719,742,754,662,735,722
689,723,719,742,754,662,735,722
689,723,719,743,754,663,735,723
690,724,719,743,755,663,736,723
690,724,719,743,755,664,736,723
690,724,720,744,755,663,736,724
690,725,720,744,755,664,737,724
691,725,720,744,756,664,736,724
691,725,720,744,756,664,737,724
691,725,721,745,756,665,737,725
692,726,721,745,757,665,737,725
692,726,721,745,757,665,738,725
692,726,722,746,757,666,738,725
693,727,722,746,758,666,738,726
693,727,722,746,758,667,739,726
693,727,723,746,758,667,739,727
694,727,723,747,758,667,739,727
694,727,723,747,758,667,739,727
694,728,723,747,759,668,739,727
694,728,723,748,759,668,740,727
695,728,724,748,759,668,740,728
695,728,724,748,759,668,741,728
695,729,724,748,759,669,741,728
695,729,725,749,760,669,741,729
696,730,725,749,760,670,741,728
696,730,726,749,760,670,742,729
696,730,726,749,760,670,742,729
697,730,726,750,760,670,742,729
697,730,726,750,761,670,742,730
697,731,726,750,762,671,742,730
697,731,726,751,762,671,743,730
698,731,727,750,762,671,743,730
698,731,727,751,762,671,743,731
698,732,727,751,763,672,744,731
699,732,728,751,763,672,744,731
699,732,728,752,763,672,744,732
699,733,728,752,763,672,744,732
700,733,729,752,763,673,744,732
700,733,729,753,763,673,744,732
700,734,729,753,764,673,745,733
700,734,730,753,764,674,745,733
701,734,729,753,764,674,745,733
701,734,730,754,765,674,745,733
701,734,730,754,765,674,746,733
701,734,731,754,765,675,746,734
702,735,731,754,765,675,746,734
702,735,731,755,766,675,747,734
703,735,731,755,766,676,747,735
703,736,732,755,766,676,747,735
703,736,732,756,766,676,747,735
703,736,732,756,766,676,748,735
703,737,732,756,767,676,748,735
704,737,732,756,767,677,748,736
704,737,733,757,767,678,748,736
704,738,733,757,767,678,749,736
705,737,733,757,768,678,749,737
705,738,733,757,768,678,749,737
705,738,734,758,768,679,750,737
706,738,734,758,768,679,750,738
706,739,734,758,769,679,750,738
706,739,735,758,769,679,750,738
706,739,735,759,769,680,751,738
707,739,735,759,770,680,751,738
707,740,735,759,769,680,751,739
707,740,735,760,770,680,751,739
708,740,736,760,770,681,751,739
708,740,736,760,770,681,752,740
708,741,736,760,771,682,752,740
708,741,736,760,771,682,752,740
709,742,737,761,771,682,752,740
709,742,737,761,771,683,753,740
709,741,737,761,772,683,753,740
709,742,737,761,772,683,753,741
710,742,738,762,772,683,754,741
710,742,738,762,772,684,754,742
710,743,738,762,773,684,754,742
711,743,739,763,773,685,754,742
711,743,739,763,773,685,754,742
711,743,739,763,773,685,755,742
711,744,739,764,773,685,755,743
712,744,739,764,774,685,756,743
712,744,739,764,774,685,756,743
712,744,740,764,774,686,756,743
713,744,740,765,774,686,756,744
713,745,740,764,774,687,757,744
713,745,741,765,775,687,757,744
714,745,741,765,775,687,757,744
714,745,741,765,775,687,757,745
714,746,742,766,775,688,757,745
714,746,742,766,776,688,757,745
714,746,742,766,776,688,758,746
715,746,742,766,776,689,758,746
715,747,742,767,776,689,758,746
715,747,743,767,777,689,758,746
715,747,743,767,777,690,759,746
716,748,743,767,778,690,759,747
716,748,743,768,777,690,759,747
716,748,743,768,777,690,759,747
717,748,744,768,778,691,760,747
717,749,744,768,778,691,760,748
718,749,744,769,778,692,760,748
718,750,745,769,778,692,760,748
718,750,745,769,778,692,761,748
718,750,745,769,779,692,761,749
718,750,745,770,779,693,761,749
719,750,746,770,780,693,762,749
719,750,746,770,780,694,762,749
719,751,746,770,780,694,762,750
720,751,746,771,780,694,762,750
720,751,747,771,780,694,762,750
720,752,747,771,780,694,762,750
720,752,747,771,781,695,763,750
721,752,747,772,781,695,763,751
721,752,748,772,781,696,763,751
721,752,748,772,782,696,764,752
722,753,748,773,782,696,764,752
722,753,748,773,782,697,764,752
722,754,749,773,782,697,764,752
723,753,749,773,782,697,764,752
723,754,749,774,782,697,765,753
723,754,749,774,783,697,765,753
723,754,750,774,783,698,765,753
723,754,750,774,783,698,765,754
723,754,750,774,783,698,766,754
723,755,750,775,784,699,766,754
724,755,751,775,784,699,766,754
724,755,751,775,784,699,767,755
725,756,751,776,784,700,767,755
725,756,751,776,785,700,767,755
725,756,751,776,785,700,767,756
725,756,752,776,785,701,767,756
726,757,752,776,785,701,768,756
726,756,753,777,785,701,768,757
726,757,753,777,786,701,768,757
726,757,753,777,786,702,769,757
727,757,753,778,786,702,769,757
727,758,753,778,786,702,769,757
727,758,754,778,787,702,769,757
727,758,754,778,787,703,769,758
728,758,754,778,787,703,770,758
728,759,754,778,787,703,770,758
728,759,755,779,788,703,770,759
728,759,755,779,787,704,770,759
729,759,755,779,788,704,771,759
729,760,756,779,788,704,771,759
729,760,756,780,788,704,771,760
730,760,756,780,788,705,772,759
729,761,756,780,788,705,771,760
730,761,756,780,789,705,772,760
730,761,756,781,789,706,772,761
731,761,757,781,789,706,772,761
731,761,757,781,789,706,772,761
731,762,757,781,790,706,773,761
731,762,758,782,790,706,773,761
731,762,758,782,790,707,773,762
732,762,758,782,790,707,773,762
732,763,758,783,790,707,774,762
732,763,759,783,791,708,774,762
733,763,758,783,791,708,774,763
733,764,759,783,791,708,774,762
733,764,759,783,791,708,775,763
733,764,759,783,792,709,775,763
734,764,759,783,792,709,775,763
734,764,760,783,792,710,776,764
734,765,760,784,792,710,776,764
734,765,760,784,792,710,776,764
734,765,760,784,793,710,776,764
735,765,761,785,793,710,776,764
735,766,761,785,793,711,777,764
735,766,761,785,793,711,777,765
735,766,761,786,793,711,777,765
735,766,762,785,793,712,777,766
736,766,762,786,794,712,777,765
736,767,762,786,794,712,778,766
736,767,762,786,794,712,778,766
736,767,763,787,794,712,778,766
736,768,763,787,795,713,778,766
737,768,763,787,795,713,778,767
737,768,763,787,795,713,779,767
738,768,763,788,795,714,779,767
738,768,763,788,795,714,779,767
738,769,763,788,796,714,780,767
738,769,764,788,796,714,780,768
739,769,764,789,796,715,780,768
739,769,764,789,796,715,780,768
739,770,765,789,796,715,780,768
739,770,765,789,797,715,780,769
740,770,765,790,797,716,781,768
740,770,765,789,797,716,781,769
740,770,765,790,797,716,781,769
741,770,766,790,798,716,781,769
740,771,766,790,798,716,782,770
741,771,766,790,798,717,782,770
741,771,766,791,798,717,782,770
741,772,767,791,798,717,782,770
741,772,767,791,798,717,782,770
741,772,767,791,799,718,783,771
742,772,767,791,799,718,783,771
742,772,767,791,799,718,783,771
743,773,767,792,799,719,783,771
742,773,768,792,799,719,784,772
743,773,768,792,800,719,784,772
743,773,768,792,800,719,784,772
743,774,768,793,800,720,784,772
743,774,769,793,800,720,784,772
744,774,769,793,800,720,784,773
744,774,769,793,800,720,785,773
745,774,770,793,801,720,785,773
745,775,769,794,801,721,786,774
745,775,770,794,801,721,785,774
746,775,770,794,801,721,785,774
745,776,770,794,801,721,786,774
746,775,771,795,802,722,786,774
746,776,771,795,802,722,786,774
746,776,771,795,802,722,786,775
747,776,771,795,802,722,787,775
747,777,771,795,803,723,787,775
747,777,771,796,803,723,787,775
747,777,772,796,803,723,787,776
748,777,772,796,803,724,788,776
747,777,772,797,803,724,788,776
748,777,772,797,804,724,788,776
748,778,773,797,803,724,788,777
748,778,773,797,804,725,788,776
748,778,773,797,804,725,789,777
749,778,773,797,804,725,789,777
749,779,773,798,805,726,789,777
749,779,774,798,805,726,789,777
749,779,774,798,805,726,789,778
749,780,774,798,805,726,790,778
750,779,774,799,805,726,790,778
751,780,774,799,805,727,790,778
751,780,775,799,806,727,790,779
751,780,775,799,806,727,791,779
751,780,775,799,806,728,791,779
751,781,775,799,806,728,791,779
752,781,776,800,807,728,791,779
752,781,775,800,807,729,792,779
752,781,776,800,807,729,792,780
752,781,776,800,807,729,792,780
752,782,776,801,807,730,792,780
752,782,777,801,807,730,792,780
753,782,777,801,808,729,793,780
753,783,777,801,808,730,793,781
753,783,777,801,808,730,793,781
753,783,777,801,808,731,793,781
754,783,778,802,808,731,793,782
754,783,778,802,809,731,794,782
754,784,778,802,809,731,794,782
755,784,778,803,809,731,794,782
755,784,778,802,809,732,794,782
755,784,778,803,810,732,794,783
755,784,779,803,809,732,794,783
755,784,779,803,810,732,795,783
755,785,779,803,810,733,795,783
756,785,779,804,810,733,795,783
756,785,780,804,810,734,795,783
756,785,780,804,811,734,796,784
757,786,780,804,811,734,796,784
757,786,780,805,811,734,796,784
757,786,780,805,811,735,796,784
757,786,781,805,811,735,796,785
757,786,781,805,812,735,797,785
758,787,781,805,811,735,797,785
758,787,781,806,812,736,797,785
758,787,781,805,812,736,798,785
758,787,782,806,812,736,797,786
759,788,782,806,812,736,798,786
759,788,782,806,813,737,798,786
759,788,782,807,813,737,798,786
759,788,783,807,813,737,798,787
760,788,783,807,813,737,798,786
760,788,783,807,813,737,798,787
760,789,783,807,813,738,798,787
760,789,784,807,814,738,799,787
760,789,783,808,814,738,799,787
761,789,784,808,814,739,799,788
761,790,784,808,814,739,799,788
761,790,784,808,815,739,799,788
762,790,784,809,815,739,800,788
762,790,785,809,815,740,800,788
762,791,785,809,815,740,800,789
762,791,785,809,815,740,800,789
762,791,785,809,815,740,801,789
763,791,786,809,815,741,801,789
763,791,786,810,816,741,801,789
763,791,786,810,816,741,801,790
763,791,786,810,816,741,801,790
764,792,786,811,816,742,801,790
764,792,786,811,816,742,802,790
764,792,787,811,817,742,802,791
764,792,787,811,817,742,802,791
764,793,787,811,817,743,802,791
765,793,787,812,817,743,802,791
765,792,787,811,817,743,802,791
765,793,788,812,817,743,803,792
766,793,788,812,818,744,803,792
766,794,788,812,818,744,803,792
766,794,788,812,818,744,803,792
766,794,789,813,818,745,803,792
766,794,788,813,819,745,804,793
766,794,789,813,818,745,804,793
767,794,789,813,819,745,804,793
767,795,789,814,819,745,804,793
767,794,790,814,819,746,805,793
768,795,790,814,819,746,805,793
768,795,790,814,819,746,805,794
768,795,790,814,820,746,805,794
768,796,790,814,820,747,805,794
768,796,790,815,820,747,806,794
769,796,791,815,820,747,806,795
769,796,791,815,821,747,806,795
769,797,791,815,820,748,806,795
770,796,791,815,821,748,806,795
770,797,791,815,821,748,807,795
770,797,792,816,821,749,807,795
770,797,792,816,821,749,807,796
770,798,792,816,821,749,807,796
770,798,792,816,822,749,807,796
771,798,792,817,822,749,807,796
771,798,793,817,822,750,808,796
771,798,793,817,822,750,808,797
771,798,793,817,823,750,808,797
772,798,793,817,822,750,808,797
772,799,793,817,823,750,808,797
772,799,793,818,823,750,809,797
772,799,794,818,823,751,809,798
773,799,794,818,823,751,809,797
773,799,794,819,823,751,809,798
773,800,794,819,824,751,810,798
774,800,794,819,824,752,810,798
774,800,794,819,824,752,810,799
774,800,795,819,824,752,810,798
774,800,795,819,824,753,810,799
774,800,795,820,825,753,810,799
774,801,795,820,825,753,810,799
774,801,795,820,825,753,811,799
775,801,795,820,825,753,811,800
775,802,795,820,825,754,811,800
775,802,796,821,825,754,811,800
776,801,796,821,826,754,811,800
776,802,797,821,826,754,811,800
776,802,796,822,826,754,812,800
776,802,796,821,826,755,812,800
776,803,797,821,826,754,812,800
776,803,797,822,826,755,812,801
777,803,797,822,827,755,813,801
777,803,798,822,827,755,813,801
777,803,798,822,827,756,813,801
777,804,798,822,827,756,813,801
777,804,798,822,827,756,814,802
778,804,798,823,827,756,813,802
778,804,799,823,828,756,814,803
779,804,799,823,828,756,814,802
779,804,799,824,828,757,814,803
779,805,799,823,828,757,814,803
779,805,799,824,828,757,814,803
779,805,800,824,828,757,815,803
779,805,799,824,829,758,815,803
779,806,799,824,829,758,815,804
780,806,800,825,829,758,815,804
780,806,800,824,830,759,815,804
780,806,800,825,829,759,815,804
780,806,800,825,829,759,816,805
780,806,801,825,830,759,816,805
781,806,800,825,830,759,816,805
781,806,801,825,830,759,816,805
782,807,801,825,830,760,817,805
781,807,801,826,830,760,817,806
782,807,802,826,831,760,817,806
782,807,802,827,831,761,817,806
782,808,802,826,831,761,817,806
782,808,802,827,831,761,818,806
782,808,802,827,832,761,817,806
783,808,803,827,831,761,818,807
783,808,803,827,832,762,818,806
783,808,803,827,831,762,818,807
783,808,803,827,832,762,818,807
783,809,803,827,832,762,819,807
783,809,803,828,832,762,819,808
784,809,804,828,832,763,819,808
784,809,804,828,833,763,819,808
784,810,804,828,833,763,820,808
785,810,804,829,833,763,820,808
785,810,804,829,833,763,820,808
785,810,805,829,833,764,820,809
785,810,804,829,834,764,820,809
785,810,805,829,833,764,820,809
785,810,805,829,834,764,820,809
786,811,805,830,834,765,821,809
786,811,805,830,834,765,821,810
786,811,806,830,834,765,821,810
786,811,806,830,834,765,821,810
787,812,806,831,835,765,822,810
787,812,806,831,835,766,821,811
787,812,806,830,835,766,822,810
787,812,807,831,835,766,822,811
787,812,807,831,835,766,822,811
788,812,807,831,835,766,822,811
788,812,807,831,836,766,823,811
788,812,807,832,836,767,822,811
788,813,807,831,836,767,823,812
788,813,807,832,836,767,823,812
789,813,808,832,836,767,823,812
789,813,808,832,836,768,823,812
789,814,808,832,837,768,823,812
789,814,808,832,837,768,824,812
790,814,808,833,837,768,824,812
790,814,809,833,837,768,824,813
790,814,809,833,837,768,824,813
790,814,809,834,837,769,824,813
790,814,809,833,838,769,825,813
790,815,809,834,838,769,825,814
791,815,809,834,838,769,825,814
791,816,809,834,838,770,825,814
791,816,809,834,838,770,825,814
791,816,810,834,838,770,825,814
791,816,810,835,839,770,825,814
792,816,810,835,839,771,826,815
792,816,810,835,839,771,826,815
792,816,811,835,839,771,826,815
792,816,811,835,839,771,826,815
793,816,811,835,839,771,827,816
793,817,811,835,839,772,827,815
793,817,811,836,840,772,827,816
793,817,811,836,840,772,827,816
794,817,812,836,840,773,827,816
793,818,812,836,840,772,827,816
794,817,812,836,840,773,828,817
794,818,812,836,840,773,828,816
794,818,812,837,841,773,828,816
794,818,812,837,841,774,828,817
794,818,813,837,841,774,828,817
794,819,813,837,841,773,828,817
795,819,813,838,841,774,829,818
795,819,813,838,842,774,829,817
795,819,814,838,841,774,829,818
795,819,814,838,842,775,829,818
796,820,814,838,842,775,829,818
796,820,814,838,842,775,829,818
796,820,814,838,842,775,830,818
796,820,814,839,842,775,830,819
796,820,814,838,843,776,830,819
796,820,815,839,843,776,830,819
797,820,815,839,843,776,830,819
797,820,815,839,843,776,831,819
797,821,815,839,843,776,830,820
797,821,815,840,843,777,831,820
798,822,815,840,843,776,831,820
798,822,816,840,843,777,831,820
798,821,816,840,844,777,831,820
798,822,816,840,844,777,832,821
798,822,816,841,844,778,831,821
798,822,816,841,844,778,832,821
799,822,816,841,844,778,832,821
799,822,817,841,844,778,832,821
799,822,817,841,845,778,832,821
799,823,817,841,845,779,832,822
799,823,817,841,845,779,832,822
800,823,817,841,845,779,833,822
800,823,818,841,845,779,833,822
800,824,818,842,845,780,833,822
800,823,818,842,845,780,833,822
800,824,818,842,845,780,833,822
800,824,818,843,846,780,833,822
801,824,818,842,846,780,833,822
801,824,819,843,846,780,834,823
801,825,819,843,846,781,834,823
801,825,819,843,846,781,834,823
801,825,819,843,846,781,834,823
802,825,819,843,846,781,834,824
802,825,819,843,847,782,835,823
802,825,820,844,847,782,835,824
802,826,820,844,847,782,835,824
803,826,820,844,847,782,835,824
803,826,820,844,847,782,835,824
803,826,820,844,848,783,835,824
803,826,821,844,848,783,836,824
803,827,821,845,848,783,836,825
803,827,821,845,848,784,836,825
804,827,821,845,848,784,836,825
804,827,821,845,848,784,836,825
804,827,821,845,848,784,836,825
804,827,821,845,849,784,836,826
804,827,822,846,849,785,837,825
804,827,822,845,849,785,837,826
805,828,822,846,849,785,837,826
805,828,822,846,849,785,837,826
805,828,823,846,850,786,837,826
805,828,822,846,849,785,837,826
805,829,823,846,850,786,838,826
805,828,823,847,849,786,838,827
806,829,823,847,850,786,838,827
806,829,823,847,850,786,838,827
806,829,823,847,850,786,838,827
806,830,823,847,850,787,839,827
806,829,824,847,850,787,838,827
807,830,824,848,850,787,838,828
807,830,824,848,851,787,838,828
807,830,824,848,850,788,839,828
807,830,824,848,851,788,839,828
807,830,824,848,851,788,839,828
807,830,824,848,851,788,840,829
808,830,825,848,852,789,840,829
808,831,825,849,851,789,839,829
808,831,825,849,852,789,840,829
809,831,825,849,852,789,840,829
808,831,825,849,852,789,840,829
809,831,826,849,852,789,840,829
809,831,826,849,852,789,840,830
809,831,826,849,852,789,840,829
809,831,826,850,852,790,841,830
810,832,826,850,853,790,841,830
809,832,827,850,853,790,841,830
809,832,827,850,853,790,841,830
810,832,827,850,853,790,842,831
810,832,827,851,853,791,841,831
810,832,827,850,853,790,842,831
810,833,827,851,853,791,842,831
810,833,827,851,854,791,842,831
811,833,828,851,854,791,842,831
811,834,828,851,854,792,843,831
811,833,828,851,854,792,843,832
811,833,828,852,854,792,843,831
811,834,828,852,854,792,843,832
812,834,828,852,855,792,843,832
812,834,828,852,855,793,843,832
812,834,828,852,855,793,843,832
812,834,829,852,855,793,844,833
813,835,829,852,855,793,844,832
813,835,829,852,855,794,844,833
813,835,829,853,855,794,844,833
813,835,829,853,855,793,844,833
813,835,829,853,855,794,844,834
813,835,830,853,856,794,845,834
814,835,830,853,856,794,845,833
814,836,830,853,856,794,845,834
814,835,831,854,856,795,845,834
814,836,831,854,856,795,845,834
814,836,831,854,856,795,845,834
814,836,831,854,857,795,845,834
814,836,831,854,857,796,846,834
815,837,831,854,857,795,846,834
815,837,831,855,857,796,846,835
815,837,831,854,857,796,846,835
815,837,831,855,857,796,846,835
815,837,832,855,857,796,846,835
815,837,832,855,857,797,846,835
816,838,832,855,858,797,847,835
816,838,832,856,858,797,847,836
816,838,832,855,858,797,847,836
816,838,832,856,858,797,847,836
816,838,832,856,858,797,847,836
816,838,833,856,858,798,848,836
816,838,833,856,858,798,848,837
817,839,833,856,858,798,848,836
817,839,833,856,859,798,848,836
817,839,833,856,859,798,848,837
818,839,833,857,859,799,848,837
817,839,834,857,859,799,848,837
818,839,834,856,859,799,848,837
818,839,834,857,859,799,849,837
818,839,834,857,860,799,849,837
818,840,834,857,860,799,849,837
818,840,835,857,860,800,849,838
818,840,835,857,860,800,850,838
819,840,835,858,860,800,850,838
819,840,835,858,860,800,850,838
819,841,835,858,860,800,850,838
819,841,835,858,861,800,850,838
819,841,835,858,861,801,850,838
820,841,836,858,861,801,850,839
820,841,836,859,861,801,850,839
820,841,836,859,861,801,850,839
820,841,836,859,861,801,850,839
821,841,836,859,862,802,850,839
820,842,836,859,861,802,851,839
821,842,836,859,861,802,850,840
821,842,837,859,862,802,851,840
821,842,836,860,862,802,851,840
821,842,837,860,862,803,851,840
821,843,837,860,862,803,851,841
821,842,837,860,862,803,851,841
822,843,837,860,862,803,851,841
822,843,838,861,863,803,852,841
822,843,837,860,863,804,851,841
822,843,838,860,863,804,852,841
822,843,838,861,863,804,852,841
822,843,838,861,863,804,852,841
823,844,838,861,863,804,852,841
822,844,838,861,863,804,852,842
823,844,838,862,864,805,852,841
823,844,839,862,864,805,853,842
823,844,839,862,864,805,853,842
823,844,839,862,864,805,853,842
823,844,839,862,864,805,853,842
824,845,839,862,864,805,853,842
824,845,840,862,864,805,853,842
824,845,840,862,864,806,853,843
824,845,840,863,864,806,854,843
824,845,840,863,865,806,854,843
824,846,840,862,865,806,854,843
825,845,840,863,864,806,854,843
824,846,840,863,865,807,854,843
825,846,841,863,865,807,854,843
825,846,841,863,865,807,855,843
825,846,841,863,865,807,854,844
825,846,841,864,865,807,855,844
825,846,841,864,866,807,855,844
826,847,841,864,866,808,855,844
826,846,841,864,866,808,855,844
826,847,841,864,866,808,855,844
826,847,841,864,866,808,855,845
827,847,842,864,866,808,855,845
826,847,842,864,866,808,855,845
827,848,842,864,867,809,856,845
827,848,842,864,867,809,856,845
827,848,842,865,867,809,856,845
827,847,843,865,867,809,856,845
827,848,843,865,867,809,856,845
828,848,843,865,867,810,857,846
828,848,843,865,868,810,857,846
828,849,843,865,868,810,857,846
828,849,843,865,868,810,857,846
828,849,843,866,868,810,857,846
828,849,843,866,868,810,857,846
828,849,844,866,868,811,857,847
829,849,844,866,868,811,858,846
828,849,844,866,868,811,858,847
829,849,844,867,868,811,858,847
829,850,844,867,869,811,858,847
830,850,844,867,869,812,858,847
829,850,844,867,869,812,858,847
830,850,844,867,869,812,858,847
830,850,844,867,869,812,859,848
830,850,845,867,869,812,859,848
830,850,845,867,869,812,859,848
830,850,845,868,869,812,859,848
831,850,845,868,870,813,859,848
831,851,846,868,870,813,859,848
830,851,846,868,870,813,859,849
831,851,846,868,870,813,860,849
831,851,846,868,870,813,860,849
831,851,846,868,870,814,860,849
832,851,846,868,870,814,860,849
832,852,846,868,871,814,860,849
832,852,846,869,871,814,860,849
832,852,846,869,871,814,860,850
832,852,847,869,871,814,861,850
832,852,847,869,871,814,861,850
832,852,847,869,871,814,861,850
832,852,847,869,872,815,861,850
832,853,847,869,871,815,861,850
833,853,847,870,872,815,862,850
833,853,847,870,872,816,862,851
833,853,847,870,872,816,861,851
833,853,848,870,872,816,861,851
833,853,848,870,872,816,862,851
834,853,848,870,872,816,862,851
834,853,848,870,872,816,862,851
834,853,848,871,872,816,862,852
834,854,849,871,872,816,862,852
834,854,849,871,873,817,863,851
834,854,849,871,872,817,863,852
835,855,849,871,873,817,863,852
835,854,849,871,873,817,863,852
835,854,849,871,873,817,863,852
835,855,849,872,873,818,863,852
835,855,849,871,873,818,863,853
835,855,849,871,874,818,863,852
836,855,849,872,874,818,863,853
836,855,850,872,873,818,864,853
836,855,850,872,874,818,864,853
466,439,411,451,426,447,464,467
466,439,411,450,426,446,464,466
465,439,411,450,426,446,464,466
465,439,411,450,426,446,463,466
465,439,411,450,425,446,463,466
465,438,411,450,425,446,464,466
465,438,411,450,425,446,463,466
465,438,410,449,425,446,463,466
464,438,410,449,425,446,463,466
465,438,411,449,425,445,463,465
464,438,410,449,425,445,463,466
464,438,410,449,425,445,463,466
464,438,410,449,425,445,463,465
464,438,410,449,424,445,462,465
464,438,410,449,425,445,463,465
464,438,410,449,424,445,462,465
452,427,398,432,405,426,441,448
452,427,398,432,405,426,441,448
451,426,398,431,404,426,441,448
451,426,397,431,404,425,441,448
